    2.000000   -1.745598    0.731278    0.911317    0.401033    0.911317
    2.001563   -1.744509    0.714976    0.910805    0.387524    0.910805
    2.003125   -1.743350    0.743009    0.910352    0.405765    0.910352
    2.004688   -1.742360    0.739411    0.909931    0.397309    0.909931
    2.006250   -1.740978    0.739482    0.909207    0.409584    0.909207
    2.007813   -1.739991    0.747874    0.908903    0.396485    0.908903
    2.009375   -1.738883    0.747234    0.908295    0.419188    0.908295
    2.010938   -1.737417    0.743418    0.907504    0.418153    0.907504
    2.012500   -1.736155    0.745122    0.907012    0.418713    0.907012
    2.014063   -1.735014    0.763480    0.906415    0.441015    0.906415
    2.015625   -1.734209    0.755424    0.906111    0.434581    0.906111
    2.017188   -1.732956    0.749518    0.905518    0.430129    0.905518
    2.018750   -1.731303    0.763534    0.904691    0.443031    0.904691
    2.020313   -1.730415    0.779425    0.904315    0.458091    0.904315
    2.021875   -1.729424    0.766295    0.903814    0.452270    0.903814
    2.023438   -1.727996    0.769785    0.903063    0.473363    0.903063
    2.025000   -1.726966    0.774503    0.902614    0.468106    0.902614
    2.026563   -1.725778    0.783988    0.902136    0.473605    0.902136
    2.028125   -1.724308    0.780422    0.901405    0.478832    0.901405
    2.029688   -1.723195    0.785232    0.900803    0.500221    0.900803
    2.031250   -1.721986    0.790988    0.900306    0.490016    0.900306
    2.032813   -1.720571    0.792232    0.899489    0.514269    0.899489
    2.034375   -1.719475    0.798556    0.899053    0.510127    0.899053
    2.035938   -1.717917    0.806785    0.898279    0.510265    0.898279
    2.037500   -1.716866    0.803355    0.897624    0.548923    0.897624
    2.039063   -1.715724    0.815827    0.897233    0.536342    0.897233
    2.040625   -1.714242    0.803493    0.896455    0.519604    0.896455
    2.042188   -1.713375    0.817099    0.896126    0.542668    0.896126
    2.043750   -1.712061    0.808553    0.895537    0.524075    0.895537
    2.045313   -1.711146    0.816041    0.895117    0.541179    0.895117
    2.046875   -1.709187    0.827881    0.893827    0.575375    0.893827
    2.048438   -1.708033    0.834035    0.893386    0.577380    0.893386
    2.050000   -1.706626    0.838869    0.892658    0.597525    0.892658
    2.051563   -1.705287    0.839849    0.891824    0.612816    0.891824
    2.053125   -1.704793    0.833369    0.891907    0.586498    0.891907
    2.054688   -1.703258    0.833050    0.891114    0.575079    0.891114
    2.056250   -1.701408    0.843228    0.890131    0.603259    0.890131
    2.057813   -1.700221    0.838237    0.889365    0.621912    0.889365
    2.059375   -1.698738    0.845306    0.888724    0.613173    0.888724
    2.060938   -1.696930    0.840798    0.887437    0.678871    0.887437
    2.062500   -1.695830    0.865967    0.887090    0.660857    0.887090
    2.064063   -1.694985    0.846560    0.886893    0.625985    0.886893
    2.065625   -1.693610    0.878266    0.885876    0.689972    0.885876
    2.067188   -1.692027    0.864473    0.885127    0.687112    0.885127
    2.068750   -1.690956    0.867450    0.884574    0.681037    0.884574
    2.070313   -1.689588    0.867773    0.883951    0.679813    0.883951
    2.071875   -1.688003    0.886526    0.883096    0.704700    0.883096
    2.073438   -1.686405    0.882099    0.882061    0.724382    0.882061
    2.075000   -1.684870    0.893880    0.881232    0.742358    0.881232
    2.076563   -1.683902    0.895344    0.881126    0.709634    0.881126
    2.078125   -1.682351    0.910048    0.879849    0.777887    0.879849
    2.079688   -1.680912    0.883189    0.879189    0.746394    0.879189
    2.081250   -1.679983    0.904307    0.878830    0.769317    0.878830
    2.082813   -1.678343    0.907809    0.877989    0.769257    0.877989
    2.084375   -1.676623    0.900118    0.877053    0.752060    0.877053
    2.085938   -1.675087    0.928288    0.876018    0.826068    0.876018
    2.087500   -1.674025    0.921322    0.875645    0.797234    0.875645
    2.089063   -1.672330    0.937642    0.874445    0.879161    0.874445
    2.090625   -1.671612    0.922382    0.874519    0.805109    0.874519
    2.092188   -1.669454    0.938932    0.872728    0.877076    0.872728
    2.093750   -1.667958    0.938736    0.872007    0.897235    0.872007
    2.095313   -1.667028    0.950966    0.871592    0.884408    0.871592
    2.096875   -1.665048    0.952128    0.870565    0.929363    0.870565
    2.098438   -1.663457    0.964035    0.869705    0.912830    0.869705
    2.100000   -1.662675    0.945684    0.869446    0.901652    0.869446
    2.101563   -1.660554    0.948802    0.867819    0.931714    0.867819
    2.103125   -1.658886    0.979823    0.866888    0.985420    0.866888
    2.104688   -1.657782    0.986694    0.866325    1.015743    0.866325
    2.106250   -1.655976    0.983708    0.865290    1.004791    0.865290
    2.107813   -1.654259    0.993047    0.864010    1.042763    0.864010
    2.109375   -1.652712    0.991835    0.863206    1.040694    0.863206
    2.110938   -1.651288    0.992212    0.862296    1.091965    0.862296
    2.112500   -1.649470    1.007124    0.861347    1.085264    0.861347
    2.114063   -1.648223    0.994390    0.860818    1.026884    0.860818
    2.115625   -1.646750    0.995547    0.859642    1.091543    0.859642
    2.117188   -1.644923    1.002246    0.858265    1.189384    0.858265
    2.118750   -1.642887    1.031089    0.857195    1.187566    0.857195
    2.120313   -1.641900    1.034934    0.856876    1.203891    0.856876
    2.121875   -1.640422    1.022227    0.855648    1.267379    0.855648
    2.123438   -1.638770    1.042551    0.854749    1.282697    0.854749
    2.125000   -1.637348    1.041375    0.853929    1.292532    0.853929
    2.126563   -1.635785    1.045152    0.852938    1.328632    0.852938
    2.128125   -1.633714    1.062690    0.851788    1.282503    0.851788
    2.129688   -1.632226    1.053933    0.850937    1.281050    0.850937
    2.131250   -1.630559    1.081376    0.849457    1.406461    0.849457
    2.132813   -1.628552    1.070519    0.848271    1.378468    0.848271
    2.134375   -1.627297    1.075647    0.847640    1.386618    0.847640
    2.135938   -1.625179    1.066737    0.846385    1.380072    0.846385
    2.137500   -1.624039    1.064246    0.845835    1.401560    0.845835
    2.139063   -1.622031    1.088687    0.844143    1.508128    0.844143
    2.140625   -1.620039    1.083079    0.842454    1.553999    0.842454
    2.142188   -1.618831    1.092714    0.842346    1.495039    0.842346
    2.143750   -1.616834    1.109911    0.840758    1.604363    0.840758
    2.145313   -1.615276    1.127218    0.839438    1.699826    0.839438
    2.146875   -1.612791    1.162219    0.835909    3.262215    0.835909
    2.148438   -1.611144    1.148033    0.836704    1.869921    0.836704
    2.150000   -1.610529    1.137593    0.837123    1.753964    0.837123
    2.151563   -1.608090    1.146778    0.834945    1.728982    0.834945
    2.153125   -1.606168    1.140965    0.833064    1.864763    0.833064
    2.154688   -1.603857    1.161177    0.830279    2.146533    0.830279
    2.156250   -1.602200    1.155870    0.830716    1.857600    0.830716
    2.157813   -1.601180    1.150086    0.829861    1.996957    0.829861
    2.159375   -1.598506    1.172450    0.827617    2.061930    0.827617
    2.160938   -1.597648    1.176734    0.827927    2.198752    0.827927
    2.162500   -1.594522    1.183265    0.824550    2.198773    0.824550
    2.164063   -1.592736    1.224190    0.822957    2.417512    0.822957
    2.165625   -1.591838    1.213693    0.823233    2.261189    0.823233
    2.167188   -1.589213    1.208819    0.820945    2.396422    0.820945
    2.168750   -1.588281    1.193422    0.820761    2.248745    0.820761
    2.170313   -1.585657    1.207735    0.817531    2.695256    0.817531
    2.171875   -1.583568    1.260447    0.816339    2.676261    0.816339
    2.173438   -1.581532    1.264519    0.814415    2.803310    0.814415
    2.175000   -1.579398    1.257104    0.812532    2.857468    0.812532
    2.176563   -1.577787    1.288180    0.811692    3.340184    0.811692
    2.178125   -1.576131    1.281326    0.810735    3.107404    0.810735
    2.179688   -1.573755    1.256975    0.808426    3.036816    0.808426
    2.181250   -1.572438    1.268264    0.807469    3.124825    0.807469
    2.182813   -1.570176    1.283304    0.806753    2.893324    0.806753
    2.184375   -1.567372    1.314475    0.802810    3.690325    0.802810
    2.185938   -1.565720    1.336036    0.801957    3.657152    0.801957
    2.187500   -1.563585    1.321134    0.799706    3.663376    0.799706
    2.189063   -1.561227    1.359963    0.797188    4.162184    0.797188
    2.190625   -1.560438    1.336898    0.798010    4.229877    0.798010
    2.192188   -1.557522    1.356940    0.795573    3.567952    0.795573
    2.193750   -1.555109    1.323836    0.793223    3.461025    0.793223
    2.195313   -1.553504    1.386452    0.791578    3.766256    0.791578
    2.196875   -1.550964    1.357885    0.789649    4.065261    0.789649
    2.198438   -1.547795    1.408368    0.785728    4.217337    0.785728
    2.200000   -1.548444    1.349816    0.788778    3.619364    0.788778
    2.201563   -1.544264    1.366900    0.784032    3.930175    0.784032
    2.203125   -1.542782    1.435762    0.782697    4.669433    0.782697
    2.204688   -1.540113    1.468784    0.777881    6.305220    0.777881
    2.206250   -1.536199    1.484209    0.773133    5.889268    0.773133
    2.207813   -1.535312    1.486841    0.773407    6.592558    0.773407
    2.209375   -1.532788    1.504996    0.769451    7.763701    0.769451
    2.210938   -1.530215    1.510747    0.768679    6.568265    0.768679
    2.212500   -1.528425    1.549958    0.767455    6.308828    0.767455
    2.214063   -1.526079    1.513392    0.765412    6.525299    0.765412
    2.215625   -1.521773    1.541159    0.756616    7.989333    0.756616
    2.217188   -1.522177    1.501133    0.762144    5.842519    0.762144
    2.218750   -1.518473    1.545110    0.757606    7.116674    0.757606
    2.220313   -1.517270    1.531287    0.758358    5.946172    0.758358
    2.221875   -1.515102    1.529371    0.754894    6.611172    0.754894
    2.223438   -1.510885    1.585245    0.747120    8.224466    0.747120
    2.225000   -1.508087    1.590444    0.743132    8.379720    0.743132
    2.226563   -1.506217    1.634350    0.742007    9.223068    0.742007
    2.228125   -1.503835    1.595059    0.740141    9.358975    0.740141
    2.229688   -1.501965    1.570484    0.740499    7.479470    0.740499
    2.231250   -1.497956    1.733933    0.730937   11.071425    0.730937
    2.232813   -1.494006    1.737348    0.721198   15.130788    0.721198
    2.234375   -1.493967    1.681433    0.726455   13.180112    0.726455
    2.235938   -1.488977    1.920663    0.715675   20.396804    0.715675
    2.237500   -1.489015    1.678337    0.720589   13.547774    0.720589
    2.239063   -1.483392    1.828796    0.708129   19.049130    0.708129
    2.240625   -1.479432    1.929415    0.698451   24.667925    0.698451
    2.242188   -1.481677    1.674825    0.716513   10.728412    0.716513
    2.243750   -1.475193    1.857295    0.697732   16.627103    0.697732
    2.245313   -1.467570    2.266423    0.662585   61.718242    0.662585
    2.246875   -1.472914    1.767833    0.699478   17.095982    0.699478
    2.248438   -1.464411    1.907543    0.678113   22.006411    0.678113
    2.250000   -1.463948    1.891437    0.680923   20.833200    0.680923
    2.251563   -1.463237    1.914717    0.681486   23.796676    0.681486
    2.253125   -1.457891    2.222241    0.660410   54.772046    0.660410
    2.254688   -1.454894    2.095793    0.656491   36.282301    0.656491
    2.256250   -1.451265    2.118886    0.305747   60.442155    0.647289
    2.257813   -1.441711    2.382225   -0.605908   77.382447    0.611145
    2.259375   -1.436742    2.661328   -0.583788  127.750551    0.585233
    2.260938   -1.444585    1.890337   -0.652920   25.312862    0.652920
    2.262500   -1.435977    2.216065   -0.618628   64.950510    0.618628
    2.264063   -1.435277    2.081644   -0.626576   34.687817    0.626576
    2.265625   -1.428231    2.412949   -0.590043   75.920073    0.590074
    2.267188   -1.424471    2.100912   -0.576668   75.440531    0.577635
    2.268750   -1.423584    2.354544    0.586007   72.064578    0.586304
    2.270313   -1.420010    2.350778    0.579694   71.166995    0.579694
    2.271875   -1.415075    2.226569   -0.215020   77.418148    0.560298
    2.273438   -1.404642    2.494124   -0.347036  152.962178    0.492264
    2.275000   -1.402943    2.759634   -0.014635  184.898058    0.486872
    2.276563   -1.396785    2.537775   -0.392714  161.907819    0.463724
    2.278125   -1.397586    2.365340   -0.018100  115.121751    0.503606
    2.279688   -1.398013    2.458176   -0.516561  113.582804    0.519639
    2.281250   -1.388142    2.510755   -0.437793  149.568698    0.449944
    2.282813   -1.389631    2.351931    0.013456  120.837047    0.487875
    2.284375   -1.381323    2.476332    0.260509  145.597779    0.433000
    2.285938   -1.371013    2.453416    0.058646  178.772212    0.366780
    2.287500   -1.376066    2.450382    0.007666  158.609910    0.423311
    2.289063   -1.373436    2.251433    0.245496  132.898801    0.423722
    2.290625   -1.366213    2.322984   -0.128011  167.079875    0.374804
    2.292188   -1.370300    2.289455   -0.221255  113.810705    0.441559
    2.293750   -1.361124    2.268055   -0.083622  167.302620    0.364565
    2.295313   -1.351219    1.977769    0.105921  137.102086    0.313239
    2.296875   -1.353983    2.340468    0.178482  147.907081    0.344242
    2.298438   -1.349037    2.037801    0.008992  139.833549    0.326808
    2.300000   -1.353665    2.311751   -0.077000  163.089433    0.366382
    2.301563   -1.342062    1.811565   -0.144913  122.541188    0.292167
    2.303125   -1.344939    2.144998    0.022155  147.500695    0.346869
    2.304688   -1.338074    2.012619   -0.034528  124.448018    0.295508
    2.306250   -1.340997    2.145616   -0.051661  135.769226    0.347030
    2.307813   -1.330533    1.871903    0.010095  119.869946    0.267274
    2.309375   -1.327423    1.774847    0.037192  114.714841    0.252804
    2.310938   -1.324063    1.708995   -0.064969  102.321222    0.233710
    2.312500   -1.326058    1.776070   -0.038801  113.516155    0.276088
    2.314063   -1.319051    1.740711    0.057834  110.062241    0.228603
    2.315625   -1.316882    1.709843   -0.099494  100.684766    0.229814
    2.317188   -1.316738    1.724323   -0.029455  110.823237    0.258795
    2.318750   -1.309568    1.616415   -0.004832   82.537814    0.191267
    2.320313   -1.309672    1.644226    0.057315   92.076978    0.230704
    2.321875   -1.307457    1.746373    0.029064  103.261423    0.198607
    2.323438   -1.305727    1.668158   -0.010133   96.903581    0.218951
    2.325000   -1.301978    1.490754   -0.077079   80.555378    0.202531
    2.326563   -1.299960    1.499722    0.029866   74.586066    0.213626
    2.328125   -1.297230    1.570962   -0.002642   84.531942    0.187773
    2.329688   -1.294726    1.546298   -0.004663   74.817479    0.203416
    2.331250   -1.293632    1.536540    0.038885   69.297859    0.189564
    2.332813   -1.292389    1.532820   -0.003292   74.218678    0.201556
    2.334375   -1.286095    1.437176    0.025097   60.884107    0.163585
    2.335938   -1.284745    1.489863   -0.050578   73.966851    0.182511
    2.337500   -1.284167    1.510530    0.028176   74.671345    0.191584
    2.339063   -1.280784    1.448190   -0.007007   63.085401    0.175129
    2.340625   -1.277537    1.443798    0.014248   54.406038    0.151757
    2.342188   -1.277487    1.408725   -0.001057   55.536338    0.176982
    2.343750   -1.275024    1.446947   -0.011588   60.569095    0.161293
    2.345313   -1.271746    1.345807   -0.004809   50.968191    0.162324
    2.346875   -1.269065    1.391998   -0.008842   52.216942    0.156519
    2.348438   -1.268138    1.456934    0.000877   66.703278    0.176401
    2.350000   -1.265490    1.360942    0.020830   45.802711    0.152485
    2.351563   -1.264169    1.295670    0.017948   40.658254    0.145401
    2.353125   -1.261764    1.352588   -0.001845   44.237398    0.132505
    2.354688   -1.259290    1.298111    0.010415   38.831136    0.134862
    2.356250   -1.257799    1.307968    0.050871   47.077863    0.152925
    2.357813   -1.255001    1.289373   -0.007431   40.761385    0.140200
    2.359375   -1.251729    1.273386    0.046871   35.666059    0.134859
    2.360938   -1.249392    1.285464    0.017163   37.486511    0.126113
    2.362500   -1.249282    1.329929    0.012793   42.230017    0.138936
    2.364063   -1.247211    1.312483   -0.010249   41.267394    0.134984
    2.365625   -1.245578    1.244359   -0.007160   34.804187    0.128087
    2.367188   -1.243766    1.255331    0.023287   36.057675    0.132433
    2.368750   -1.241898    1.252890    0.002320   38.596966    0.130995
    2.370313   -1.240413    1.241519    0.004450   38.299413    0.139476
    2.371875   -1.237895    1.251446   -0.028875   36.595761    0.132839
    2.373438   -1.235225    1.239566    0.010161   33.922651    0.121574
    2.375000   -1.232983    1.229556    0.019017   30.945730    0.115685
    2.376563   -1.230838    1.172794   -0.016552   26.101610    0.112207
    2.378125   -1.228369    1.183775    0.011436   26.705105    0.108098
    2.379688   -1.228930    1.186200    0.006792   30.403354    0.116292
    2.381250   -1.225661    1.204918    0.027587   31.942182    0.124251
    2.382813   -1.223844    1.183354   -0.016896   30.107699    0.118169
    2.384375   -1.222171    1.175888    0.015378   30.159760    0.114647
    2.385938   -1.218306    1.156384    0.028606   24.112941    0.102046
    2.387500   -1.219189    1.178119    0.018439   30.003207    0.113189
    2.389063   -1.215978    1.173982   -0.002264   24.423300    0.104810
    2.390625   -1.213787    1.157952   -0.003450   25.073319    0.103670
    2.392188   -1.212621    1.131759   -0.005389   26.564137    0.107901
    2.393750   -1.211116    1.166861   -0.004456   26.330612    0.109908
    2.395313   -1.209641    1.143296    0.002181   22.548928    0.101915
    2.396875   -1.207737    1.157002   -0.005424   24.463707    0.102438
    2.398438   -1.205571    1.118679   -0.004141   23.499909    0.103232
