    2.000000   -1.745234    0.725728    0.911118    0.388206    0.911118
    2.001563   -1.743794    0.741515    0.910264    0.419441    0.910264
    2.003125   -1.743187    0.721491    0.910214    0.392957    0.910214
    2.004688   -1.741779    0.731303    0.909611    0.391585    0.909611
    2.006250   -1.741300    0.728917    0.909450    0.394867    0.909450
    2.007813   -1.739849    0.728162    0.908766    0.399133    0.908766
    2.009375   -1.738615    0.753674    0.908065    0.424754    0.908065
    2.010938   -1.737459    0.739765    0.907688    0.404059    0.907688
    2.012500   -1.736295    0.741279    0.907119    0.420330    0.907119
    2.014063   -1.734836    0.750363    0.906289    0.438266    0.906289
    2.015625   -1.734145    0.760110    0.906141    0.424890    0.906141
    2.017188   -1.732665    0.755748    0.905195    0.451381    0.905195
    2.018750   -1.731463    0.756409    0.904822    0.433200    0.904822
    2.020313   -1.730141    0.784569    0.904119    0.467177    0.904119
    2.021875   -1.729505    0.758400    0.903984    0.450724    0.903984
    2.023438   -1.728065    0.771540    0.903232    0.461874    0.903232
    2.025000   -1.726337    0.779153    0.902155    0.483258    0.902155
    2.026563   -1.725376    0.779978    0.901891    0.481295    0.901891
    2.028125   -1.724506    0.774607    0.901592    0.472263    0.901592
    2.029688   -1.723295    0.779698    0.900905    0.482896    0.900905
    2.031250   -1.720922    0.790561    0.899735    0.492844    0.899735
    2.032813   -1.720772    0.792955    0.899852    0.478272    0.899852
    2.034375   -1.719656    0.795434    0.899203    0.495925    0.899203
    2.035938   -1.717846    0.809073    0.898249    0.521926    0.898249
    2.037500   -1.716608    0.804944    0.897636    0.516580    0.897636
    2.039063   -1.715346    0.806963    0.896653    0.592867    0.896653
    2.040625   -1.714320    0.812912    0.896387    0.560330    0.896387
    2.042188   -1.713217    0.803102    0.896071    0.516448    0.896071
    2.043750   -1.711675    0.830692    0.895138    0.571530    0.895138
    2.045313   -1.710220    0.817765    0.894343    0.576218    0.894343
    2.046875   -1.709664    0.808587    0.894256    0.539031    0.894256
    2.048438   -1.708145    0.840259    0.893498    0.569488    0.893498
    2.050000   -1.706788    0.829883    0.892967    0.552659    0.892967
    2.051563   -1.705690    0.840730    0.892278    0.575111    0.892278
    2.053125   -1.704552    0.844594    0.891838    0.590221    0.891838
    2.054688   -1.702426    0.831373    0.890295    0.629649    0.890295
    2.056250   -1.701130    0.859297    0.889783    0.621904    0.889783
    2.057813   -1.699837    0.861028    0.889304    0.612205    0.889304
    2.059375   -1.698620    0.848948    0.888570    0.627918    0.888570
    2.060938   -1.697764    0.853630    0.888205    0.631996    0.888205
    2.062500   -1.696431    0.859722    0.887416    0.647166    0.887416
    2.064063   -1.695091    0.849622    0.886917    0.622894    0.886917
    2.065625   -1.692834    0.867785    0.885447    0.686552    0.885447
    2.067188   -1.691727    0.869698    0.884947    0.681778    0.884947
    2.068750   -1.691227    0.865729    0.884953    0.648175    0.884953
    2.070313   -1.688538    0.897686    0.883073    0.726665    0.883073
    2.071875   -1.688644    0.886023    0.883525    0.683245    0.883525
    2.073438   -1.685872    0.910187    0.881214    0.964597    0.881214
    2.075000   -1.684951    0.890967    0.881295    0.748064    0.881295
    2.076563   -1.684035    0.910308    0.880897    0.782029    0.880897
    2.078125   -1.682711    0.898964    0.880175    0.763367    0.880175
    2.079688   -1.680148    0.912446    0.878565    0.784724    0.878565
    2.081250   -1.680157    0.906820    0.879255    0.732368    0.879255
    2.082813   -1.677869    0.914407    0.877656    0.772208    0.877656
    2.084375   -1.676549    0.921580    0.876772    0.814221    0.876772
    2.085938   -1.675309    0.909893    0.876327    0.802098    0.876327
    2.087500   -1.673919    0.923405    0.875356    0.836008    0.875356
    2.089063   -1.672631    0.927426    0.875040    0.801163    0.875040
    2.090625   -1.671585    0.932028    0.874556    0.790940    0.874556
    2.092188   -1.669840    0.937069    0.873333    0.897572    0.873333
    2.093750   -1.667404    0.967368    0.871382    0.941655    0.871382
    2.095313   -1.666346    0.958806    0.870996    0.905557    0.870996
    2.096875   -1.665110    0.940789    0.870453    0.887184    0.870453
    2.098438   -1.664282    0.942415    0.870439    0.847494    0.870439
    2.100000   -1.661772    0.974838    0.868470    0.974565    0.868470
    2.101563   -1.660094    0.977730    0.867519    0.958467    0.867519
    2.103125   -1.659438    0.949113    0.867568    0.910680    0.867568
    2.104688   -1.656677    0.972703    0.865736    0.946896    0.865736
    2.106250   -1.656202    0.963168    0.865288    1.054613    0.865288
    2.107813   -1.654629    0.964815    0.864528    1.017852    0.864528
    2.109375   -1.652322    0.996742    0.862729    1.042517    0.862729
    2.110938   -1.651128    1.003534    0.862127    1.071071    0.862127
    2.112500   -1.649318    0.989118    0.860970    1.114614    0.860970
    2.114063   -1.648474    1.002687    0.860759    1.153612    0.860759
    2.115625   -1.646533    1.016330    0.859538    1.124883    0.859538
    2.117188   -1.644752    1.015171    0.858563    1.128808    0.858563
    2.118750   -1.644443    0.995065    0.859038    1.056074    0.859038
    2.120313   -1.642084    1.023532    0.857160    1.096471    0.857160
    2.121875   -1.640306    1.038708    0.855617    1.326259    0.855617
    2.123438   -1.639054    1.035208    0.855725    1.128648    0.855725
    2.125000   -1.636951    1.052697    0.853532    1.314518    0.853532
    2.126563   -1.634929    1.037229    0.852590    1.215199    0.852590
    2.128125   -1.633794    1.052012    0.851849    1.328557    0.851849
    2.129688   -1.631336    1.067947    0.849086    1.826457    0.849086
    2.131250   -1.628257    1.066962    0.847406    1.525346    0.847406
    2.132813   -1.628671    1.049866    0.848353    1.453153    0.848353
    2.134375   -1.627880    1.064474    0.848414    1.319500    0.848414
    2.135938   -1.625173    1.115206    0.846237    1.498805    0.846237
    2.137500   -1.624106    1.096922    0.846485    1.357074    0.846485
    2.139063   -1.622345    1.092058    0.844894    1.395110    0.844894
    2.140625   -1.620815    1.103592    0.844129    1.422599    0.844129
    2.142188   -1.617047    1.131520    0.838101    2.864872    0.838101
    2.143750   -1.616204    1.117925    0.840007    1.574550    0.840007
    2.145313   -1.614328    1.132960    0.838327    1.844708    0.838327
    2.146875   -1.613309    1.112460    0.837834    1.711767    0.837834
    2.148438   -1.613001    1.123734    0.839027    1.619929    0.839027
    2.150000   -1.608999    1.146455    0.834650    1.861305    0.834650
    2.151563   -1.607644    1.167323    0.833640    1.923357    0.833640
    2.153125   -1.607312    1.160346    0.834839    1.786961    0.834839
    2.154688   -1.603686    1.155929    0.831342    1.791745    0.831342
    2.156250   -1.601962    1.188616    0.829094    2.305182    0.829094
    2.157813   -1.600821    1.177124    0.830162    1.972807    0.830162
    2.159375   -1.597688    1.183306    0.826650    2.053512    0.826650
    2.160938   -1.597416    1.188834    0.826845    2.197811    0.826845
    2.162500   -1.595933    1.193135    0.826463    2.044751    0.826463
    2.164063   -1.593039    1.205677    0.822788    2.418450    0.822788
    2.165625   -1.591404    1.183104    0.823199    2.109146    0.823199
    2.167188   -1.587925    1.258436    0.818481    2.868205    0.818481
    2.168750   -1.588045    1.243048    0.819694    2.545711    0.819694
    2.170313   -1.583642    1.275091    0.814391    3.131601    0.814391
    2.171875   -1.584415    1.240138    0.816936    2.708765    0.816936
    2.173438   -1.581751    1.246084    0.815541    2.497480    0.815541
    2.175000   -1.579226    1.238609    0.812896    2.458766    0.812896
    2.176563   -1.576176    1.358569    0.807896    4.545202    0.807896
    2.178125   -1.577043    1.237456    0.812490    2.872913    0.812490
    2.179688   -1.574335    1.285906    0.809893    3.233971    0.809893
    2.181250   -1.572295    1.304314    0.807593    3.251082    0.807593
    2.182813   -1.569024    1.295885    0.805348    3.054320    0.805348
    2.184375   -1.567726    1.299033    0.803938    3.034628    0.803938
    2.185938   -1.565488    1.314988    0.801782    3.208656    0.801782
    2.187500   -1.563440    1.439198    0.795491    7.467798    0.795491
    2.189063   -1.562788    1.325625    0.801521    2.919989    0.801521
    2.190625   -1.559401    1.321905    0.797251    3.258976    0.797251
    2.192188   -1.557006    1.358239    0.794488    3.925683    0.794488
    2.193750   -1.555366    1.375838    0.793217    3.769449    0.793217
    2.195313   -1.553267    1.379395    0.792528    3.588983    0.792528
    2.196875   -1.550260    1.450561    0.784825    6.161309    0.784825
    2.198438   -1.548826    1.497302    0.780525   13.631933    0.780754
    2.200000   -1.546958    1.373985    0.786338    3.831445    0.786338
    2.201563   -1.545261    1.361692    0.785590    4.019169    0.785590
    2.203125   -1.543479    1.306729    0.783294    3.811696    0.783294
    2.204688   -1.537415    1.540271    0.772782    8.507418    0.772782
    2.206250   -1.536443    1.469561    0.773077    5.721228    0.773077
    2.207813   -1.533158    1.476298    0.770670    5.531692    0.770670
    2.209375   -1.532710    1.510416    0.770334    5.939965    0.770334
    2.210938   -1.530923    1.464683    0.771678    4.879595    0.771678
    2.212500   -1.528033    1.477284    0.766590    7.551784    0.766590
    2.214063   -1.526413    1.501025    0.767058    5.434321    0.767058
    2.215625   -1.521469    1.585348    0.757002    7.090359    0.757002
    2.217188   -1.520913    1.503689    0.761595    5.767177    0.761595
    2.218750   -1.518461    1.587817    0.755616    7.856010    0.755616
    2.220313   -1.513408    1.750322    0.606781   16.122878    0.742102
    2.221875   -1.512778    1.606920   -0.748411    9.624889    0.748411
    2.223438   -1.512248    1.553072   -0.752048    6.511847    0.752048
    2.225000   -1.511334    1.558477   -0.753348    6.203650    0.753348
    2.226563   -1.505168    1.652632    0.326201   12.098394    0.737731
    2.228125   -1.504284    1.683144    0.742238    8.565240    0.742238
    2.229688   -1.504796    1.560708    0.747334    6.208244    0.747334
    2.231250   -1.497377    1.610383    0.733106    9.172099    0.733106
    2.232813   -1.496983    1.665133    0.731907   11.198742    0.731907
    2.234375   -1.491104    1.878929    0.718117   15.801798    0.718117
    2.235938   -1.487280    1.813539    0.714981   14.024086    0.714982
    2.237500   -1.486353    1.782158    0.309698   18.594772    0.714277
    2.239063   -1.488707    1.616540   -0.727587    8.219794    0.727587
    2.240625   -1.485107    1.727274   -0.719672   11.459489    0.719672
    2.242188   -1.479329    1.892767    0.226449   22.659979    0.703862
    2.243750   -1.476775    1.908383    0.270323   21.790176    0.701003
    2.245313   -1.469781    1.832823   -0.684939   21.989393    0.685509
    2.246875   -1.472476    1.821161   -0.699584   16.010979    0.699619
    2.248438   -1.466498    1.974068   -0.678491   25.994062    0.679082
    2.250000   -1.463437    1.978782   -0.104701   22.035763    0.681148
    2.251563   -1.462980    1.908258    0.685124   17.829611    0.685124
    2.253125   -1.452913    2.085887    0.021715   38.396391    0.647796
    2.254688   -1.454832    1.955032   -0.667798   22.866749    0.667996
    2.256250   -1.447220    2.023798    0.063947   28.314407    0.642853
    2.257813   -1.448054    1.980354    0.653861   26.867985    0.654828
    2.259375   -1.445164    2.066675    0.566411   41.045285    0.640325
    2.260938   -1.445478    2.037042   -0.505401   25.958887    0.654966
    2.262500   -1.437311    2.141897   -0.586025   40.695316    0.622525
    2.264063   -1.436272    1.947168    0.641232   23.566743    0.641434
    2.265625   -1.428402    2.361489   -0.055112   55.982316    0.598139
    2.267188   -1.430085    2.088603    0.180821   34.404179    0.624672
    2.268750   -1.427605    2.132267   -0.618908   34.863102    0.619134
    2.270313   -1.420554    2.176243   -0.540789   46.179979    0.592624
    2.271875   -1.418110    2.168175   -0.419368   46.545966    0.585914
    2.273438   -1.411118    2.274107   -0.381977   57.412568    0.563311
    2.275000   -1.407111    2.294389    0.444549   58.946841    0.555850
    2.276563   -1.409410    2.294396    0.404467   51.085617    0.569823
    2.278125   -1.412090    2.051624    0.600964   31.621317    0.601285
    2.279688   -1.402021    2.270131    0.254941   49.026043    0.558484
    2.281250   -1.386675    2.313264    0.179876   70.675095    0.486405
    2.282813   -1.393859    2.214152   -0.096823   57.671224    0.532001
    2.284375   -1.391080    2.154679    0.184971   60.011149    0.526831
    2.285938   -1.392098    2.173192    0.339164   45.213366    0.548830
    2.287500   -1.386770    2.084113    0.380977   52.810447    0.524134
    2.289063   -1.384966    2.191887   -0.243315   55.185375    0.526104
    2.290625   -1.382891    2.115933    0.212789   50.183955    0.525036
    2.292188   -1.377045    2.155654    0.068379   59.296975    0.503700
    2.293750   -1.377586    2.105282    0.303973   49.177349    0.522226
    2.295313   -1.364300    2.120226    0.119456   61.450858    0.464721
    2.296875   -1.357400    2.061597    0.236835   66.610345    0.421792
    2.298438   -1.370820    2.112885   -0.306914   46.333795    0.515851
    2.300000   -1.355435    2.115656   -0.003215   66.793405    0.430000
    2.301563   -1.359323    2.024472    0.277363   53.485722    0.470988
    2.303125   -1.354702    2.270621    0.107051   60.720153    0.457883
    2.304688   -1.354041    2.096966   -0.047453   57.098656    0.463399
    2.306250   -1.343299    2.033773    0.042489   62.243973    0.407528
    2.307813   -1.342245    2.040835    0.098329   63.506223    0.422357
    2.309375   -1.336683    2.006095   -0.151362   60.151321    0.395307
    2.310938   -1.337122    2.025782   -0.065632   61.062403    0.412916
    2.312500   -1.326456    1.842453   -0.044006   56.813551    0.362473
    2.314063   -1.323544    1.921402   -0.062951   61.640078    0.353338
    2.315625   -1.327140    1.764390    0.015817   52.933080    0.380415
    2.317188   -1.326913    1.943753   -0.117556   59.378432    0.393563
    2.318750   -1.319946    1.826275    0.116930   56.814607    0.360280
    2.320313   -1.316551    1.846417    0.040466   58.954241    0.354516
    2.321875   -1.312895    1.810963    0.095534   61.138633    0.335006
    2.323438   -1.308269    1.691117    0.006169   53.664909    0.324502
    2.325000   -1.307654    1.812308   -0.108767   57.782627    0.326760
    2.326563   -1.303733    1.649073   -0.089144   53.897255    0.314128
    2.328125   -1.305574    1.810693   -0.013685   56.874024    0.332502
    2.329688   -1.300954    1.712679   -0.012228   51.656655    0.320480
    2.331250   -1.297510    1.692946   -0.004287   52.766199    0.310350
    2.332813   -1.296700    1.631045    0.027260   50.768091    0.311725
    2.334375   -1.291993    1.610574   -0.028553   48.406405    0.303201
    2.335938   -1.289741    1.680227   -0.051737   50.105784    0.301225
    2.337500   -1.287364    1.619875   -0.006924   49.834290    0.287738
    2.339063   -1.286377    1.594558    0.099408   48.394898    0.301631
    2.340625   -1.280899    1.516594    0.043000   46.837329    0.265629
    2.342188   -1.280504    1.569842    0.049209   48.416151    0.285064
    2.343750   -1.275168    1.524350   -0.047830   44.314749    0.260048
    2.345313   -1.275801    1.493267   -0.039017   43.818026    0.274940
    2.346875   -1.274464    1.469231    0.002480   45.223464    0.270029
    2.348438   -1.272513    1.508057    0.015022   45.140160    0.264436
    2.350000   -1.267546    1.434185   -0.074404   38.275983    0.259901
    2.351563   -1.267010    1.515498    0.006544   43.762166    0.259834
    2.353125   -1.263341    1.470892   -0.031167   40.704047    0.247814
    2.354688   -1.262744    1.454646    0.030539   40.397150    0.251328
    2.356250   -1.257913    1.351702    0.006711   35.130086    0.233388
    2.357813   -1.259114    1.434003    0.055171   41.628121    0.252528
    2.359375   -1.255097    1.325324    0.012634   37.026776    0.226623
    2.360938   -1.252388    1.352027    0.019549   36.150179    0.233745
    2.362500   -1.252828    1.372456   -0.039683   36.257730    0.238133
    2.364063   -1.249000    1.329923   -0.008053   34.214864    0.229706
    2.365625   -1.246288    1.283424    0.011040   33.353960    0.222440
    2.367188   -1.243267    1.308366    0.005502   31.804751    0.221029
    2.368750   -1.240573    1.267827    0.035785   30.151408    0.204600
    2.370313   -1.242024    1.317907   -0.019425   34.378629    0.223795
    2.371875   -1.237426    1.265839   -0.003512   29.953104    0.193812
    2.373438   -1.236828    1.286553   -0.022648   29.266614    0.206634
    2.375000   -1.233455    1.228276    0.005202   27.715850    0.195614
    2.376563   -1.232857    1.272522   -0.053638   30.657342    0.205585
    2.378125   -1.231163    1.240419    0.005089   30.373793    0.207071
    2.379688   -1.226165    1.230427   -0.015359   26.399602    0.185016
    2.381250   -1.227223    1.234066   -0.027003   27.138374    0.191085
    2.382813   -1.222865    1.183530   -0.002799   25.277751    0.185006
    2.384375   -1.222736    1.203735    0.024506   24.945621    0.186085
    2.385938   -1.218907    1.151242   -0.007599   22.153034    0.172102
    2.387500   -1.218959    1.150910   -0.015644   23.263198    0.177358
    2.389063   -1.217018    1.170649    0.005257   25.682861    0.182078
    2.390625   -1.215923    1.199048    0.026247   25.924357    0.189732
    2.392188   -1.214996    1.190207   -0.019710   25.616670    0.187835
    2.393750   -1.211826    1.192796   -0.026871   25.774704    0.178484
    2.395313   -1.208879    1.182788   -0.012150   22.847602    0.170545
    2.396875   -1.209061    1.134530    0.019728   23.284161    0.173979
    2.398438   -1.206328    1.132749   -0.026481   21.819021    0.170818
