    2.000000   -1.745571    0.720352    0.911273    0.388477    0.911273
    2.001563   -1.744438    0.716786    0.910744    0.397108    0.910744
    2.003125   -1.743231    0.728890    0.910320    0.391047    0.910320
    2.004688   -1.742525    0.738385    0.909936    0.404112    0.909936
    2.006250   -1.740634    0.753929    0.908994    0.423165    0.908994
    2.007813   -1.740082    0.735636    0.908830    0.405492    0.908830
    2.009375   -1.738666    0.750743    0.908075    0.428134    0.908075
    2.010938   -1.737801    0.751915    0.907939    0.410365    0.907939
    2.012500   -1.736340    0.739917    0.907083    0.417619    0.907083
    2.014063   -1.735106    0.737558    0.906608    0.417432    0.906608
    2.015625   -1.733744    0.759798    0.905729    0.444760    0.905729
    2.017188   -1.732207    0.757311    0.905038    0.436935    0.905038
    2.018750   -1.731868    0.758070    0.905059    0.439742    0.905059
    2.020313   -1.730010    0.760394    0.904059    0.448683    0.904059
    2.021875   -1.729354    0.765156    0.903857    0.444697    0.903857
    2.023438   -1.727970    0.757445    0.903215    0.447360    0.903215
    2.025000   -1.727039    0.773412    0.902609    0.472622    0.902609
    2.026563   -1.725713    0.779253    0.901952    0.487489    0.901952
    2.028125   -1.724837    0.784566    0.901722    0.479748    0.901722
    2.029688   -1.722981    0.787397    0.900739    0.480892    0.900739
    2.031250   -1.722020    0.778912    0.900358    0.472977    0.900358
    2.032813   -1.720595    0.803387    0.899494    0.525853    0.899494
    2.034375   -1.719919    0.793933    0.899370    0.499171    0.899370
    2.035938   -1.718439    0.792663    0.898721    0.488676    0.898721
    2.037500   -1.716626    0.816799    0.897505    0.538055    0.897505
    2.039063   -1.715531    0.811727    0.896998    0.541952    0.896998
    2.040625   -1.714211    0.811327    0.896074    0.571379    0.896074
    2.042188   -1.713424    0.798702    0.896224    0.523677    0.896224
    2.043750   -1.711887    0.815923    0.895381    0.545763    0.895381
    2.045313   -1.711023    0.828146    0.894935    0.560060    0.894935
    2.046875   -1.708892    0.830858    0.893697    0.566253    0.893697
    2.048438   -1.708358    0.826514    0.893535    0.581776    0.893535
    2.050000   -1.706605    0.827927    0.892482    0.591576    0.892482
    2.051563   -1.705529    0.837458    0.892228    0.584216    0.892228
    2.053125   -1.704108    0.838144    0.891404    0.603178    0.891404
    2.054688   -1.702337    0.854201    0.890259    0.625016    0.890259
    2.056250   -1.701421    0.846264    0.889787    0.648202    0.889787
    2.057813   -1.700532    0.836280    0.889809    0.594892    0.889809
    2.059375   -1.698672    0.851450    0.888693    0.638402    0.888693
    2.060938   -1.697769    0.854194    0.888001    0.660882    0.888001
    2.062500   -1.696065    0.857339    0.887331    0.643126    0.887331
    2.064063   -1.694856    0.857023    0.886691    0.666803    0.886691
    2.065625   -1.693074    0.872938    0.885314    0.693907    0.885314
    2.067188   -1.691738    0.881799    0.884762    0.690308    0.884762
    2.068750   -1.690694    0.873016    0.884493    0.671177    0.884493
    2.070313   -1.688879    0.888265    0.883099    0.775290    0.883099
    2.071875   -1.688331    0.876702    0.883364    0.689638    0.883364
    2.073438   -1.686476    0.894395    0.882060    0.751550    0.882060
    2.075000   -1.684945    0.881717    0.881198    0.746022    0.881198
    2.076563   -1.683771    0.911579    0.880804    0.759555    0.880804
    2.078125   -1.681877    0.898407    0.879573    0.789513    0.879573
    2.079688   -1.681272    0.893904    0.879659    0.738458    0.879659
    2.081250   -1.678888    0.907027    0.877579    0.864853    0.877579
    2.082813   -1.678137    0.911004    0.877719    0.815324    0.877719
    2.084375   -1.676363    0.919321    0.876369    0.815974    0.876369
    2.085938   -1.675460    0.938511    0.876273    0.823219    0.876273
    2.087500   -1.674139    0.906433    0.875589    0.797779    0.875589
    2.089063   -1.672245    0.930404    0.874536    0.819674    0.874536
    2.090625   -1.671197    0.907881    0.873992    0.839660    0.873992
    2.092188   -1.669916    0.938306    0.873366    0.828417    0.873366
    2.093750   -1.668165    0.951414    0.872196    0.922632    0.872196
    2.095313   -1.666009    0.970399    0.870679    0.979684    0.870679
    2.096875   -1.664632    0.931036    0.870160    0.932422    0.870160
    2.098438   -1.663640    0.947031    0.869755    0.918898    0.869755
    2.100000   -1.662321    0.952158    0.869253    0.895600    0.869253
    2.101563   -1.660827    0.951072    0.868219    0.933824    0.868219
    2.103125   -1.658889    0.978341    0.866764    1.007344    0.866764
    2.104688   -1.657670    0.994530    0.866063    1.054528    0.866063
    2.106250   -1.655566    0.995137    0.865071    0.999235    0.865071
    2.107813   -1.654951    0.974297    0.864877    0.974925    0.864877
    2.109375   -1.653157    0.987407    0.863702    1.038115    0.863702
    2.110938   -1.651433    0.996082    0.862476    1.105661    0.862476
    2.112500   -1.650318    0.978842    0.862162    1.043779    0.862162
    2.114063   -1.648081    1.005949    0.860381    1.163800    0.860381
    2.115625   -1.645907    1.011174    0.858980    1.103264    0.858980
    2.117188   -1.644042    1.024941    0.857837    1.161086    0.857837
    2.118750   -1.644139    1.022777    0.858702    1.138745    0.858702
    2.120313   -1.641580    1.006503    0.856822    1.105189    0.856822
    2.121875   -1.641015    1.036986    0.856377    1.253713    0.856377
    2.123438   -1.638868    1.044689    0.855251    1.198703    0.855251
    2.125000   -1.637208    1.052958    0.853615    1.286742    0.853615
    2.126563   -1.635003    1.067112    0.852046    1.372757    0.852046
    2.128125   -1.634234    1.063053    0.852253    1.248185    0.852253
    2.129688   -1.632012    1.068887    0.850573    1.402911    0.850573
    2.131250   -1.630191    1.065155    0.849297    1.376277    0.849297
    2.132813   -1.628899    1.087325    0.848367    1.455678    0.848367
    2.134375   -1.627732    1.098745    0.847863    1.557768    0.847863
    2.135938   -1.625433    1.080912    0.846456    1.412415    0.846456
    2.137500   -1.623670    1.105364    0.845070    1.587120    0.845070
    2.139063   -1.622050    1.097305    0.843842    1.644744    0.843842
    2.140625   -1.620270    1.123478    0.842506    1.669575    0.842506
    2.142188   -1.618946    1.113930    0.842126    1.693119    0.842126
    2.143750   -1.616301    1.138967    0.840138    1.685448    0.840138
    2.145313   -1.614913    1.131736    0.839108    1.702038    0.839108
    2.146875   -1.613485    1.132810    0.838997    1.596144    0.838997
    2.148438   -1.611738    1.128218    0.837073    1.710826    0.837073
    2.150000   -1.609399    1.156226    0.834432    2.001850    0.834432
    2.151563   -1.608446    1.125389    0.835267    1.779324    0.835267
    2.153125   -1.605827    1.135279    0.833158    1.747193    0.833158
    2.154688   -1.604699    1.133936    0.832879    1.705005    0.832879
    2.156250   -1.603425    1.144988    0.832267    1.795796    0.832267
    2.157813   -1.600639    1.172549    0.829296    2.056295    0.829296
    2.159375   -1.598607    1.164711    0.827748    2.050453    0.827748
    2.160938   -1.597877    1.205358    0.827957    1.993557    0.827957
    2.162500   -1.594147    1.216287    0.823998    2.441947    0.823998
    2.164063   -1.593284    1.187624    0.824287    2.145139    0.824287
    2.165625   -1.591951    1.214619    0.823034    2.391485    0.823034
    2.167188   -1.588745    1.239672    0.820200    2.524915    0.820200
    2.168750   -1.587179    1.198480    0.818837    2.316535    0.818837
    2.170313   -1.584586    1.286086    0.815272    3.426505    0.815272
    2.171875   -1.584784    1.201686    0.818669    2.276888    0.818669
    2.173438   -1.582649    1.233113    0.816576    2.436642    0.816576
    2.175000   -1.578775    1.269823    0.812319    2.794483    0.812319
    2.176563   -1.577680    1.250982    0.812002    2.615531    0.812002
    2.178125   -1.574754    1.299309    0.809675    2.889496    0.809675
    2.179688   -1.574644    1.271911    0.810661    2.693063    0.810661
    2.181250   -1.571443    1.302088    0.806913    3.029398    0.806913
    2.182813   -1.570601    1.300839    0.806641    3.014439    0.806641
    2.184375   -1.567274    1.304549    0.802629    3.480208    0.802629
    2.185938   -1.566498    1.336657    0.803283    3.281542    0.803283
    2.187500   -1.562381    1.354750    0.797952    3.743224    0.797952
    2.189063   -1.561730    1.350467    0.798836    3.638142    0.798836
    2.190625   -1.558366    1.393447    0.794304    4.435502    0.794304
    2.192188   -1.557615    1.393641    0.793800    4.718261    0.793800
    2.193750   -1.555112    1.386044    0.792582    4.055038    0.792582
    2.195313   -1.552220    1.394162    0.789596    4.412243    0.789596
    2.196875   -1.550251    1.357550    0.788416    4.141162    0.788416
    2.198438   -1.548597    1.397648    0.787093    4.635822    0.787093
    2.200000   -1.546695    1.385384    0.784254    5.537348    0.784254
    2.201563   -1.543463    1.432565    0.779582    5.820629    0.779582
    2.203125   -1.542399    1.412712    0.781022    5.197412    0.781022
    2.204688   -1.541773    1.407421    0.782836    4.221548    0.782836
    2.206250   -1.536925    1.400462    0.777353    4.171809    0.777353
    2.207813   -1.534513    1.485356    0.772423    5.791804    0.772423
    2.209375   -1.532680    1.481628    0.771159    5.832596    0.771159
    2.210938   -1.531346    1.449249    0.772197    5.199674    0.772197
    2.212500   -1.527446    1.540071    0.765728    6.557323    0.765728
    2.214063   -1.527465    1.483787    0.768802    5.438123    0.768802
    2.215625   -1.522930    1.509728    0.761707    6.126377    0.761707
    2.217188   -1.520228    1.543281    0.759350    6.409891    0.759350
    2.218750   -1.515909    1.657090    0.746637   14.175614    0.746637
    2.220313   -1.516369    1.498405    0.754466    6.966445    0.754466
    2.221875   -1.513961    1.616545    0.750941    8.076458    0.750941
    2.223438   -1.511921    1.575890    0.749517    9.112920    0.749517
    2.225000   -1.511178    1.510370    0.751947    6.265802    0.751947
    2.226563   -1.507282    1.609571    0.746015    8.486492    0.746015
    2.228125   -1.504078    1.698803    0.739251   11.188873    0.739251
    2.229688   -1.502920    1.606677    0.741944    8.406160    0.741944
    2.231250   -1.499464    1.592803    0.736758    8.500361    0.736758
    2.232813   -1.496892    1.689936    0.730707   11.326389    0.730707
    2.234375   -1.494767    1.660451    0.731014    9.365291    0.731014
    2.235938   -1.490927    1.805072    0.722869   13.794408    0.722869
    2.237500   -1.489060    1.720118    0.723711   11.245791    0.723711
    2.239063   -1.486302    1.689198    0.719151   10.690939    0.719151
    2.240625   -1.481834    1.750276    0.709305   13.209597    0.709305
    2.242188   -1.476537    1.916690    0.694480   22.242984    0.694480
    2.243750   -1.476664    1.862628    0.701557   17.417055    0.701557
    2.245313   -1.474718    1.830506    0.701010   16.896157    0.701010
    2.246875   -1.468088    1.972900    0.677081   34.313962    0.677081
    2.248438   -1.468538    1.897569    0.692534   17.417364    0.692534
    2.250000   -1.460439    2.198146   -0.138022   52.226065    0.655507
    2.251563   -1.462808    1.926115    0.681419   19.596681    0.681419
    2.253125   -1.454188    2.231478    0.647650   47.918028    0.647698
    2.254688   -1.455291    1.768212    0.438791   19.789832    0.672641
    2.256250   -1.455476    1.924211   -0.673151   24.395880    0.673151
    2.257813   -1.447463    2.096196   -0.644893   49.278118    0.645224
    2.259375   -1.444179    2.111820   -0.633670   45.212075    0.633670
    2.260938   -1.430324    2.484240   -0.286084   85.658411    0.570594
    2.262500   -1.432921    2.254981   -0.454294   62.944140    0.600954
    2.264063   -1.434182    2.134273    0.621979   41.217948    0.621979
    2.265625   -1.431420    2.261735    0.475314   59.288415    0.609156
    2.267188   -1.429390    2.144486   -0.614398   51.099075    0.614732
    2.268750   -1.418755    2.372491   -0.173510   71.693192    0.570610
    2.270313   -1.418899    2.263517    0.532010   59.806766    0.581244
    2.271875   -1.411447    2.536467   -0.215297  116.832078    0.526310
    2.273438   -1.417562    2.095603    0.376677   50.262091    0.591411
    2.275000   -1.405250    2.323948   -0.261173   82.755858    0.536008
    2.276563   -1.406586    2.154791    0.334673   72.794427    0.550762
    2.278125   -1.398605    2.409240   -0.351661   95.646442    0.517890
    2.279688   -1.395316    2.280299    0.134349   92.267273    0.507689
    2.281250   -1.391429    2.517033   -0.312411  109.835120    0.487976
    2.282813   -1.389085    2.442275   -0.222381  105.325686    0.489815
    2.284375   -1.381517    2.343763    0.187337  105.100307    0.453409
    2.285938   -1.385133    2.384296    0.164963   83.833491    0.494631
    2.287500   -1.383953    2.292922   -0.205241   94.430281    0.490789
    2.289063   -1.377880    2.425918    0.239652  105.210124    0.466002
    2.290625   -1.367147    2.144233    0.159637   96.579578    0.414526
    2.292188   -1.373879    2.199637   -0.177558   83.247476    0.476710
    2.293750   -1.371387    2.284086   -0.363657   82.987152    0.475465
    2.295313   -1.360865    2.305219    0.223331  106.656478    0.414917
    2.296875   -1.358486    2.106646   -0.173408   94.727056    0.413459
    2.298438   -1.355443    2.075172   -0.061188   83.455814    0.405662
    2.300000   -1.352501    2.148022    0.111034  104.042549    0.384817
    2.301563   -1.352672    2.101223    0.365314   90.931830    0.404943
    2.303125   -1.341921    2.023397   -0.019476   94.731419    0.344893
    2.304688   -1.347143    2.109721   -0.014370  100.527047    0.393030
    2.306250   -1.342968    2.059264   -0.005676   96.524309    0.374548
    2.307813   -1.337841    1.880863    0.266079   86.388063    0.348818
    2.309375   -1.327818    1.818011   -0.040771   86.476619    0.298863
    2.310938   -1.323588    1.749074    0.071168   84.057294    0.286254
    2.312500   -1.327102    1.934544   -0.135128   96.558553    0.317249
    2.314063   -1.320968    1.750794    0.071699   80.678750    0.287504
    2.315625   -1.316037    1.702542   -0.061310   81.150462    0.259468
    2.317188   -1.309875    1.520497    0.053723   62.638416    0.227961
    2.318750   -1.312828    1.768399   -0.000487   76.577150    0.279764
    2.320313   -1.311317    1.759571    0.006347   79.185110    0.293869
    2.321875   -1.308781    1.714835    0.017629   83.264581    0.257584
    2.323438   -1.306223    1.709877   -0.088139   74.308849    0.260219
    2.325000   -1.300021    1.552673   -0.046909   62.506018    0.217629
    2.326563   -1.300851    1.642499   -0.003066   70.648122    0.253410
    2.328125   -1.300986    1.670407   -0.077518   72.147759    0.276275
    2.329688   -1.291285    1.483741   -0.028381   56.766123    0.217314
    2.331250   -1.298098    1.687407   -0.017885   76.017131    0.275859
    2.332813   -1.293632    1.682576   -0.048128   74.942383    0.243300
    2.334375   -1.291791    1.669931   -0.003424   73.735724    0.250961
    2.335938   -1.286264    1.515537   -0.058440   61.748884    0.224561
    2.337500   -1.283108    1.436909    0.044360   50.551314    0.216506
    2.339063   -1.284878    1.615480   -0.065137   66.986587    0.239258
    2.340625   -1.280977    1.488893    0.042087   59.769959    0.212089
    2.342188   -1.277597    1.487286    0.008825   51.217929    0.215555
    2.343750   -1.276086    1.485378    0.046620   55.556249    0.214776
    2.345313   -1.271409    1.339711   -0.051822   45.873518    0.188822
    2.346875   -1.269579    1.410633   -0.041843   49.561654    0.193550
    2.348438   -1.267979    1.375972    0.044539   50.571262    0.198145
    2.350000   -1.266198    1.339883   -0.013246   49.887992    0.202061
    2.351563   -1.263968    1.430809   -0.011913   49.849984    0.186430
    2.353125   -1.263637    1.424101   -0.060551   48.219600    0.204152
    2.354688   -1.259737    1.367452   -0.017828   43.109714    0.187511
    2.356250   -1.258012    1.340254   -0.031583   42.285010    0.187782
    2.357813   -1.254149    1.358261    0.025276   42.553782    0.176573
    2.359375   -1.251872    1.245269    0.016816   35.032710    0.165158
    2.360938   -1.251722    1.369656   -0.029009   41.706315    0.166877
    2.362500   -1.249105    1.299234   -0.011461   36.485486    0.165106
    2.364063   -1.246916    1.289990   -0.007746   34.576268    0.169308
    2.365625   -1.243905    1.249916    0.002985   34.585944    0.166124
    2.367188   -1.242570    1.287107   -0.013893   33.767407    0.148899
    2.368750   -1.241867    1.286342   -0.001849   35.726865    0.167739
    2.370313   -1.239642    1.261672   -0.051554   34.139320    0.161091
    2.371875   -1.238994    1.237702   -0.010315   37.393620    0.165036
    2.373438   -1.236089    1.211650    0.006931   31.174087    0.147281
    2.375000   -1.233846    1.260209    0.001133   34.867850    0.152346
    2.376563   -1.232004    1.264570    0.008505   31.114365    0.152085
    2.378125   -1.230327    1.246237   -0.039120   35.454067    0.165656
    2.379688   -1.227893    1.204356    0.004175   31.418181    0.149772
    2.381250   -1.225566    1.187663   -0.016144   24.181358    0.134630
    2.382813   -1.225948    1.226132   -0.001475   35.615279    0.159597
    2.384375   -1.222015    1.180973    0.008304   27.273323    0.138609
    2.385938   -1.219942    1.155656   -0.026164   25.407295    0.136664
    2.387500   -1.217817    1.145891    0.012918   23.244872    0.123154
    2.389063   -1.215796    1.177673   -0.003447   24.350134    0.131075
    2.390625   -1.215406    1.174547    0.017662   27.891683    0.136685
    2.392188   -1.211965    1.127341   -0.006781   24.359873    0.129783
    2.393750   -1.210316    1.128320    0.022408   22.891843    0.125463
    2.395313   -1.210571    1.168750   -0.001145   28.926861    0.142919
    2.396875   -1.206468    1.115590    0.000132   22.352649    0.125509
    2.398438   -1.205069    1.145145   -0.015714   23.486701    0.126316
