# Time, total energy, potential energy, kinetic energy, temperature, pressure & MSD/6
1e-14 -9.31562656536092 -43.6382817241205 34.3226551587596 531.063887408628 201526536.324103 5.5698407786269e-24
1.1e-13 -9.27289595865993 -22.2966822705879 13.023786311928 201.513040165442 76466975.9581187 2.13726091880754e-21
2.1e-13 -9.29650216599978 -25.7456669761105 16.4491648101108 254.512868199627 96579615.1876696 7.90500320040533e-21
3.1e-13 -9.29835834032038 -26.1316088930412 16.8332505527209 260.455708770243 98834831.5930572 1.52519781410237e-20
4.1e-13 -9.30059479696776 -26.83655748943 17.5359626924622 271.328557590771 102960919.340441 2.3165917063723e-20
5.09999999999999e-13 -9.29590939352245 -26.9397384577056 17.6438290641831 272.997540786324 103594272.623336 3.10958998685878e-20
6.09999999999999e-13 -9.2913215126262 -27.0312184774436 17.7398969648174 274.483969867351 104158348.91665 3.88260547099911e-20
7.09999999999999e-13 -9.29358993294989 -27.7277296873565 18.4341397544066 285.225775037705 108234704.110364 4.62981508130399e-20
8.09999999999999e-13 -9.29736141234826 -27.7696239880857 18.4722625757374 285.815637727561 108458546.337064 5.37562849321221e-20
9.09999999999999e-13 -9.29882265425835 -26.864625364879 17.5658027106207 271.790263014499 103136124.92683 6.14133110566926e-20
1.01e-12 -9.29713754049309 -26.9020797031758 17.6049421626827 272.395855718996 103365938.202134 6.91166103175366e-20
1.11e-12 -9.29815020331328 -27.8880650998862 18.589914896573 287.636035904117 109149355.827292 7.66467443190414e-20
1.21e-12 -9.29959944147335 -27.1537535199875 17.8541540785141 276.251835048037 104829223.742032 8.39567438200103e-20
1.31e-12 -9.29565576863372 -27.5877463950339 18.2920906264002 283.027892566982 107400636.168102 9.09146078069238e-20
1.41e-12 -9.29804602497326 -28.1557064116606 18.8576603866874 291.778779528075 110721469.079517 9.74249770201349e-20
1.51e-12 -9.29643126712262 -27.7186688711431 18.4222376040205 285.041616725263 108164817.116767 1.03707504457729e-19
1.61e-12 -9.29868951216388 -27.9066742002473 18.6079846880834 287.915624230831 109255457.550107 1.09824182633784e-19
1.71e-12 -9.29832162737412 -27.9415523626136 18.6432307352395 288.460975478625 109462410.987891 1.15804343808914e-19
1.81000000000001e-12 -9.29523674271715 -27.7539990285201 18.4587622858029 285.606751893391 108379278.252166 1.21737391499115e-19
1.91000000000001e-12 -9.29992456371311 -28.1519377426042 18.8520131788911 291.691402018632 110688309.235146 1.2782033647681e-19
2.01000000000001e-12 -9.29706406505023 -27.8278728873457 18.5308088222955 286.721505794775 108802305.957967 1.34095988683798e-19
2.11000000000001e-12 -9.29555467639819 -27.4063372932836 18.1107826168854 280.22256949667 106336060.61116 1.40738785548131e-19
2.21000000000001e-12 -9.29420759811838 -27.675326645219 18.3811190471007 284.405401939971 107923389.553644 1.47715443682778e-19
2.31000000000001e-12 -9.29690082577276 -26.9380165061564 17.6411156803836 272.95555743329 103578343.450636 1.55086259575149e-19
2.41000000000001e-12 -9.30074975801414 -27.8415938196993 18.5408440616852 286.876777967534 108861236.175719 1.62683568674514e-19
2.51000000000001e-12 -9.30267230585567 -27.480112287655 18.1774399817994 281.253938403647 106727456.266373 1.70338827882105e-19
2.61000000000001e-12 -9.29754559185229 -27.4781860208037 18.1806404289514 281.30345793814 106746248.088963 1.78035352094893e-19
2.71000000000001e-12 -9.29827264660083 -27.3727124624798 18.074439815879 279.660248513852 106122670.775471 1.85714634132492e-19
2.81000000000001e-12 -9.30132781548432 -27.2315220799397 17.9301942644554 277.428381459101 105275706.907166 1.93459449621755e-19
2.91000000000001e-12 -9.30089111185471 -27.735569735746 18.4346786238913 285.234112799513 108237865.671773 2.01196642998281e-19
3.01000000000001e-12 -9.29777517011674 -27.0773084031063 17.7795332329896 275.097249654725 104391081.450159 2.08825716967873e-19
3.11000000000001e-12 -9.30104288343938 -28.1041125375712 18.8030696541319 290.934113912513 110400933.387187 2.16211551622103e-19
3.21000000000001e-12 -9.29360360080903 -27.6894576715288 18.3958540707198 284.633392428704 108009903.219873 2.23275643208093e-19
3.31000000000002e-12 -9.29308718739349 -27.1555339735783 17.8624467861848 276.38014556342 104877921.071308 2.30228975110402e-19
3.41000000000002e-12 -9.2917725839229 -27.504252900467 18.2124803165441 281.796106726568 106933193.382997 2.3713478733237e-19
3.51000000000002e-12 -9.2972058008481 -27.3857646913971 18.088558890549 279.878708613928 106205570.763966 2.43993647137772e-19
3.61000000000002e-12 -9.29740478390109 -28.2392721768107 18.9418673929096 293.081688637659 111215901.851337 2.50797441723543e-19
3.71000000000002e-12 -9.29913456379256 -27.465173581001 18.1660390172084 281.077534784874 106660508.209498 2.57653027022071e-19
3.81000000000002e-12 -9.29339385585474 -26.5779509247803 17.2845570689255 267.438635697076 101484751.620111 2.64692642138886e-19
3.91000000000002e-12 -9.29770533571422 -27.738095666441 18.4403903307268 285.322488282756 108271404.592614 2.71616787663338e-19
4.01000000000002e-12 -9.29940881688771 -27.986002997727 18.6865941808393 289.131924736052 109717028.208893 2.78363365000069e-19
4.11000000000002e-12 -9.29759978855864 -27.6226786760681 18.3250788875095 283.538309785654 107594331.709409 2.85086897210423e-19
4.21000000000002e-12 -9.29786280861227 -27.5694100332413 18.271547224629 282.710030829459 107280012.127423 2.91807547357515e-19
4.31000000000002e-12 -9.29268835596309 -27.1121833749936 17.8194950190305 275.71556607997 104625717.754687 2.98535336647127e-19
4.41000000000002e-12 -9.30387242912567 -28.4036952342236 19.0998228050979 295.525684151582 112143360.491046 3.05188052779714e-19
4.51000000000002e-12 -9.29650837106861 -27.09438429573 17.7978759246614 275.381060481706 104498783.084482 3.11883721150025e-19
4.61000000000002e-12 -9.29500183255487 -27.5266799824494 18.2316781498945 282.093148897745 107045921.939136 3.18576872775386e-19
4.71000000000002e-12 -9.29972365758145 -27.4838741922159 18.1841505346345 281.357768723848 106766860.673446 3.25359098981147e-19
4.81000000000003e-12 -9.29578308061412 -28.3728688809105 19.0770858002964 295.173881469008 112009860.257196 3.32208420512082e-19
4.91000000000003e-12 -9.29008936461023 -27.0712726042521 17.7811832396418 275.122779700199 104400768.581054 3.39429344709192e-19
5.01000000000003e-12 -9.29252645883841 -26.585499211226 17.2929727523875 267.568848979057 101534168.206521 3.47125405233601e-19
5.11000000000003e-12 -9.30015951908087 -27.6937583011811 18.3935987821002 284.598497041502 107996660.563398 3.5492247917073e-19
5.21000000000003e-12 -9.29916908058918 -27.4484790831409 18.1493100025517 280.818691886066 106562281.507199 3.62654148561578e-19
5.31000000000003e-12 -9.30282008826794 -27.2860593884597 17.9832393001917 278.249130983157 105587172.953742 3.70406258388872e-19
5.41000000000003e-12 -9.29994787089192 -27.6187923677945 18.3188444969026 283.441846977168 107557727.892607 3.77975386608346e-19
5.51000000000003e-12 -9.30106775051583 -27.9617020957644 18.6606343452486 288.730256183852 109564600.084732 3.85250344624174e-19
5.61000000000003e-12 -9.30215157190173 -28.3966668001726 19.0945152282709 295.443561647672 112112193.04786 3.92306607264671e-19
5.71000000000003e-12 -9.30053908880846 -27.042619913461 17.7420808246526 274.517760058939 104171169.859657 3.99501423640992e-19
5.81000000000003e-12 -9.29557146709206 -27.5740351995559 18.2784637324639 282.81704782803 107320627.516349 4.06757549124867e-19
5.91000000000003e-12 -9.29637082790576 -27.2667365890479 17.9703657611421 278.049942672673 105511581.875115 4.13872334229121e-19
6.01000000000003e-12 -9.30117692720994 -27.9588893221371 18.6577123949271 288.685045745168 109547445.504757 4.20778665019444e-19
6.11000000000003e-12 -9.29624527595793 -27.9083349853378 18.6120897093798 287.979139962859 109279561.685306 4.27353211879087e-19
6.21000000000004e-12 -9.29159627853182 -27.8749867614548 18.583390482923 287.535085658281 109111050.843817 4.33715729078718e-19
6.31000000000004e-12 -9.29333173453695 -27.8650068792666 18.5716751447296 287.353817833443 109042260.990252 4.40023452709653e-19
6.41000000000004e-12 -9.30113779228035 -28.0938061386592 18.7926683463789 290.773177676552 110339855.521445 4.46392962735792e-19
6.51000000000003e-12 -9.30004496800435 -28.3555240617841 19.0554790937797 294.839567544174 111882991.88515 4.5290198024715e-19
6.61000000000002e-12 -9.30213360448504 -27.7474566284045 18.4453230239194 285.398810327485 108300367.068908 4.59825165703151e-19
6.71000000000002e-12 -9.294224645509 -26.9236129835394 17.6293883380304 272.77410387178 103509488.391143 4.67283580589462e-19
6.81000000000001e-12 -9.29942939809538 -27.0825492575289 17.7831198594335 275.152744422633 104412143.328296 4.75033277146377e-19
6.91000000000001e-12 -9.29810919144313 -26.9508614139898 17.6527522225466 273.135606071384 103646669.437812 4.82824786371063e-19
7.01e-12 -9.29801426859173 -27.6726606374649 18.3746463688732 284.305252180416 107885378.901572 4.90257879367705e-19
7.10999999999999e-12 -9.29636675462157 -27.8932152110437 18.5968484564222 287.743316743261 109190069.441165 4.97159698088418e-19
7.20999999999999e-12 -9.29497488899401 -28.5316768161573 19.2367019271633 297.643572710404 112947065.800098 5.03644534510306e-19
7.30999999999998e-12 -9.29585824586894 -27.5715266660839 18.275668420215 282.773796821295 107304214.442241 5.10115532290577e-19
7.40999999999997e-12 -9.29626165630601 -27.6380528865228 18.3417912302168 283.796894724518 107692460.736828 5.16809487860803e-19
7.50999999999997e-12 -9.29547129499072 -27.4236814697617 18.128210174771 280.492220740024 106438387.152752 5.23798758286852e-19
7.60999999999996e-12 -9.29965867581487 -27.064863921683 17.7652052458682 274.875557116539 104306947.735141 5.31151283475e-19
7.70999999999995e-12 -9.30100952117905 -27.9550293643746 18.6540198431955 288.627912027862 109525756.351793 5.38594464032057e-19
7.80999999999995e-12 -9.29635611916197 -27.5237053481023 18.2273492289403 282.026168835171 107020495.973042 5.45926969586843e-19
7.90999999999994e-12 -9.29384912196284 -27.6020692969954 18.3082201750325 283.277460112361 107495345.809897 5.5311313311725e-19
8.00999999999993e-12 -9.29688721595225 -27.4563311544119 18.1594439384597 280.975491159698 106621782.496256 5.60277050990686e-19
8.10999999999993e-12 -9.29940981114627 -27.2810446522882 17.9816348411419 278.224305681727 105577745.676128 5.67425435406664e-19
8.20999999999992e-12 -9.29982829470377 -28.317381516227 19.0175532215232 294.252752186774 111660299.703783 5.74350154682128e-19
8.30999999999991e-12 -9.29166293390967 -27.5183235131354 18.2266605792258 282.015513569931 107016458.090675 5.81162085733061e-19
8.40999999999991e-12 -9.29608972166207 -27.7515502385685 18.4554605169064 285.555664638708 108359893.455158 5.88067730475293e-19
8.5099999999999e-12 -9.29608561530955 -27.2968544380099 18.0007688227003 278.520359893763 105690098.567109 5.95105953472734e-19
8.60999999999989e-12 -9.29609890961659 -27.5912076909922 18.2951087813757 283.074591550691 107418365.415805 6.02104659178676e-19
8.70999999999989e-12 -9.29708842439493 -28.0858442916175 18.7887558672226 290.712641089842 110316888.448052 6.09051074641638e-19
8.80999999999988e-12 -9.29211693103007 -27.6507104699045 18.3585935388744 284.056871678861 107791121.741627 6.16188467928013e-19
8.90999999999988e-12 -9.30212599528235 -27.370282027062 18.0681560317797 279.563021455049 106085775.489226 6.23852856593599e-19
9.00999999999987e-12 -9.30004760467248 -27.5043311705033 18.2042835658308 281.669280923675 106885067.281032 6.32064752309541e-19
9.10999999999986e-12 -9.2912763400528 -27.0853955456434 17.7941192055906 275.322933922894 104476725.564153 6.40537443399681e-19
9.20999999999986e-12 -9.29734510741079 -27.330801646626 18.0334565392152 279.026126878357 105882030.205063 6.49186118947747e-19
9.30999999999985e-12 -9.28928937007108 -26.9866663416079 17.6973769715368 273.826071088258 103908684.313237 6.57859099535349e-19
9.40999999999984e-12 -9.29553351597458 -26.8556083201544 17.5600748041799 271.701636879746 103102495.270285 6.66544109237125e-19
9.50999999999984e-12 -9.29693269153032 -26.6846771427247 17.3877444511944 269.035222327851 102090633.787815 6.7516330301523e-19
9.60999999999983e-12 -9.30208460409832 -28.1423935188157 18.8403089147174 291.510305538693 110619593.369887 6.83364435997377e-19
9.70999999999982e-12 -9.29905314217342 -27.2702671642398 17.9712140220664 278.063067553073 105516566.3782 6.9118633765412e-19
9.80999999999982e-12 -9.29417397297069 -27.5765992272493 18.2824252542786 282.87834323671 107343887.391216 6.98691174691305e-19
9.90999999999981e-12 -9.30068936337123 -27.8337900201612 18.53310065679 286.756966645059 108815765.466533 7.05922754586422e-19
