# Time, total energy, potential energy, kinetic energy, temperature, pressure & MSD/6
1e-14 -0.669087906783797 -43.5707657927649 42.9016778859811 663.804467605917 251898585.951552 6.96230226248758e-24
1.1e-13 -0.632475029615719 -17.9548688010346 17.3223937714188 268.024071358154 101705915.536484 2.6226696225535e-21
2.1e-13 -0.650717693957369 -21.4964239221851 20.8457062282278 322.53920141477 122393589.345387 9.64361625550347e-21
3.1e-13 -0.646348974210434 -21.7505567138115 21.1042077396011 326.538915798635 123911417.78118 1.88565964447631e-20
4.1e-13 -0.660170055998884 -22.7231985699544 22.0630285139555 341.37445475684 129541289.616086 2.91831789365327e-20
5.09999999999999e-13 -0.656545870665379 -23.0888256002776 22.4322797296122 347.087765254236 131709402.124737 4.00704722026003e-20
6.09999999999999e-13 -0.659563588252901 -22.4426166540292 21.7830530657763 337.042480753044 127897368.409258 5.14533083274747e-20
7.09999999999999e-13 -0.655187998951176 -23.5051745747665 22.8499865758153 353.550814820644 134162034.137268 6.32243452373732e-20
8.09999999999999e-13 -0.656651272289083 -22.7725568502549 22.1159055779658 342.192605306038 129851765.157843 7.53134435522016e-20
9.09999999999999e-13 -0.655615832669713 -22.1731996559729 21.5175838233032 332.934956808784 126338619.60115 8.77614864057233e-20
1.01e-12 -0.64830664412378 -23.1806405866326 22.5323339425088 348.635873318915 132296881.514289 1.00159715752386e-19
1.11e-12 -0.641153215053164 -22.5504708222906 21.9093176072374 338.996133170669 128638744.47329 1.12522611627439e-19
1.21e-12 -0.64690893117644 -23.0588832136188 22.4119742824424 346.773585315075 131590171.472861 1.25105522426629e-19
1.31e-12 -0.647671215751492 -21.594228530262 20.9465573145105 324.099639256277 122985754.340679 1.3842806365751e-19
1.41e-12 -0.645109964111675 -22.2913746173341 21.6462646532224 334.925995714595 127094196.536159 1.52349972424043e-19
1.51e-12 -0.643394400200001 -22.576934532521 21.933540132321 339.370920851699 128780974.167009 1.66535496995762e-19
1.61e-12 -0.639782684873997 -22.2282147645303 21.5884320796563 334.031170090098 126754620.778712 1.8105905126003e-19
1.71e-12 -0.645699381865605 -22.7780416104562 22.1323422285906 342.446924546097 129948271.405332 1.96094555557582e-19
1.81000000000001e-12 -0.649667324935421 -22.0285850669805 21.3789177420451 330.789419179948 125524418.601366 2.11830570403134e-19
1.91000000000001e-12 -0.645197027303995 -22.2857902432848 21.6405932159808 334.838243310395 127060894.407837 2.28321414485147e-19
2.01000000000001e-12 -0.645758117643697 -21.9183424523382 21.2725843346945 329.144155070637 124900074.165729 2.45282048902958e-19
2.11000000000001e-12 -0.65098492976578 -21.7184453002846 21.0674603705188 325.970335058404 123695655.5597 2.62922810890593e-19
2.21000000000001e-12 -0.648345922369683 -22.1258597303283 21.4775138079586 332.314965784809 126103354.697048 2.81096211678052e-19
2.31000000000001e-12 -0.638667836096833 -20.9758495947958 20.337181758699 314.670958693419 119407722.762613 2.99900099990189e-19
2.41000000000001e-12 -0.64821441841448 -21.8350496002413 21.1868351818268 327.817384800292 124396587.914015 3.19288821866882e-19
2.51000000000001e-12 -0.647213246048558 -22.0852541066831 21.4380408606346 331.704213010689 125871577.940112 3.38981169522963e-19
2.61000000000001e-12 -0.650191421548926 -22.8829070908036 22.2327156692547 343.999971923844 130537633.601 3.59118426407066e-19
2.71000000000001e-12 -0.644990817385075 -21.2650843074537 20.6200934900686 319.048364903974 121068876.412637 3.79808306346133e-19
2.81000000000001e-12 -0.646086257124983 -21.3183006239734 20.6722143668484 319.854815200717 121374909.376951 4.01040853419746e-19
2.91000000000001e-12 -0.649036096788193 -22.0289338235374 21.3798977267492 330.804582181882 125530179.534559 4.22641139977628e-19
3.01000000000001e-12 -0.643002008899667 -21.0287561254636 20.385754116564 315.422503848334 119692916.090339 4.44589380157171e-19
3.11000000000001e-12 -0.651785651685927 -21.6879272905139 21.036141638828 325.485749954964 123511760.517733 4.67237351441053e-19
3.21000000000001e-12 -0.653646475365901 -21.4802998301393 20.8266533547734 322.244402163484 122281723.235664 4.9051794281938e-19
3.31000000000002e-12 -0.652021058608712 -21.9215375295936 21.2695164709849 329.096686958973 124882063.400502 5.14346567235444e-19
3.41000000000002e-12 -0.6438059604933 -20.9249750849306 20.2811691244373 313.804292430059 119078825.065958 5.39166565649711e-19
3.51000000000002e-12 -0.651003173746335 -21.7437069147135 21.0927037409672 326.360917965805 123843879.393539 5.6519275467613e-19
3.61000000000002e-12 -0.646521701809018 -20.6664671003155 20.0199453985065 309.762458057559 117545010.138501 5.92377051479626e-19
3.71000000000002e-12 -0.651008818636186 -21.5429665564475 20.8919577378113 323.254836797999 122665162.424543 6.20684966214345e-19
3.81000000000002e-12 -0.649059591737365 -20.3608026516204 19.7117430598831 304.993738059041 115735355.612642 6.50484777260724e-19
3.91000000000002e-12 -0.64520921190443 -21.7817870816221 21.1365778697177 327.039768866562 124101492.328319 6.81979900283065e-19
4.01000000000002e-12 -0.653069981214466 -21.3283853850216 20.6753154038071 319.902796591861 121393123.295201 7.15386848587633e-19
4.11000000000002e-12 -0.657123016303459 -21.2442367733367 20.5871137570333 318.538079637567 120875231.313275 7.51038854300218e-19
4.21000000000002e-12 -0.649063827603629 -21.3873087925063 20.7382449649026 320.876486336834 121762616.830366 7.88788150003654e-19
4.31000000000002e-12 -0.65671806789586 -21.722415984741 21.0656979168452 325.943065154751 123685312.263508 8.2888327177212e-19
4.41000000000002e-12 -0.650507913796032 -21.2117886832308 20.5612807694347 318.138373765338 120723548.734683 8.71956877352129e-19
4.51000000000002e-12 -0.651319855576164 -20.7523094595718 20.1009896039957 311.016430124112 118020877.874897 9.17388651046559e-19
4.61000000000002e-12 -0.644959563439446 -20.864852172226 20.2198926087866 312.856179748864 118719039.82813 9.64616916731611e-19
4.71000000000002e-12 -0.645299271765143 -20.1007712127502 19.4554719409851 301.028533851995 114230621.412142 1.01342753810603e-18
4.81000000000003e-12 -0.648315823657724 -19.7367001328892 19.0883843092315 295.348699822927 112075209.595323 1.06444531110557e-18
4.91000000000003e-12 -0.643708324857773 -20.1851541677836 19.5414458429259 302.358781595626 114735432.862388 1.1177715801957e-18
5.01000000000003e-12 -0.655393318279824 -20.6077179225701 19.9523246042902 308.716182305289 117147970.084373 1.17429557378644e-18
5.11000000000003e-12 -0.648931679144574 -20.637896548617 19.9889648694724 309.283105859813 117363106.329523 1.23456168478335e-18
5.21000000000003e-12 -0.655441212076211 -20.8499619888795 20.1945207768033 312.463609195643 118570059.270988 1.29763340923739e-18
5.31000000000003e-12 -0.65885961657627 -20.8621349693831 20.2032753528068 312.599066057693 118621471.260712 1.36303437670408e-18
5.41000000000003e-12 -0.648999774935934 -19.9115407740638 19.2625409991278 298.043372724157 113097800.378128 1.43104123068096e-18
5.51000000000003e-12 -0.646532397356509 -20.4183066738899 19.7717742765334 305.922582611793 116087842.193407 1.50088161905446e-18
5.61000000000003e-12 -0.647345948183644 -20.6371869759699 19.9898410277863 309.296662387943 117368248.648956 1.57285890488131e-18
5.71000000000003e-12 -0.647866042541912 -20.4133255274498 19.7654594849079 305.824875783074 116050759.244666 1.64795129217136e-18
5.81000000000003e-12 -0.656641518191464 -20.8985933818786 20.2419518636872 313.197495815662 118848556.46547 1.72654269143871e-18
5.91000000000003e-12 -0.646787564550019 -19.9244397858095 19.2776522212595 298.277184016775 113186525.188524 1.80768575426958e-18
6.01000000000003e-12 -0.644909379642015 -20.8637372729294 20.2188278932874 312.839705733396 118712781.88756 1.89171226993132e-18
6.11000000000003e-12 -0.644899941312857 -19.5706331500234 18.9257332087105 292.832049367581 111120180.268291 1.97949179346774e-18
6.21000000000004e-12 -0.645859656419494 -19.9874917075188 19.3416320510993 299.267124247019 113562197.094249 2.07075387667529e-18
6.31000000000004e-12 -0.655943060201999 -20.2303835437457 19.5744404835437 302.869297522471 114929167.837844 2.16474866392002e-18
6.41000000000004e-12 -0.63984462334825 -19.6320055125708 18.9921608892226 293.859864438447 111510231.239406 2.26029171727939e-18
6.51000000000003e-12 -0.647944082681892 -20.2075176033156 19.5595735206337 302.639265577668 114841870.983502 2.35747083296338e-18
6.61000000000002e-12 -0.654998200530067 -19.9293318719699 19.2743336714399 298.225837116029 113167038.433267 2.45655100130419e-18
6.71000000000002e-12 -0.653305052120278 -20.91015144155 20.2568463894298 313.427954231696 118936015.755565 2.55763438808979e-18
6.81000000000001e-12 -0.65057306260822 -19.885612864435 19.2350398018268 297.617855156255 112936325.229528 2.66076424551498e-18
6.91000000000001e-12 -0.64463762300341 -20.1866104770153 19.5419728540118 302.366935876078 114738522.76301 2.76583432592358e-18
7.01e-12 -0.647047436822 -21.1032791851557 20.4562317483337 316.512982569455 120106737.682223 2.87290519202922e-18
7.10999999999999e-12 -0.650339652062124 -20.1141748677399 19.4638352156777 301.157936229206 114279732.372821 2.98155302260648e-18
7.20999999999999e-12 -0.644637321735218 -19.7094116918476 19.0647743701124 294.983390496127 111936584.573521 3.0916281504945e-18
7.30999999999998e-12 -0.650953075110784 -20.6155163601307 19.9645632850199 308.905547648237 117219834.843765 3.20318019196944e-18
7.40999999999997e-12 -0.644415312659012 -20.117610324512 19.4731950118529 301.302757476839 114334689.570336 3.31661058599164e-18
7.50999999999997e-12 -0.652420944797783 -20.6279078887035 19.9754869439057 309.074566062629 117283966.690949 3.43282965269238e-18
7.60999999999996e-12 -0.65544793600268 -20.6872283320198 20.0317803960171 309.94557733421 117614504.613154 3.55213059035487e-18
7.70999999999995e-12 -0.646310042987259 -20.0404148758804 19.3941048328931 300.079019461817 113870297.270137 3.67552764986535e-18
7.80999999999995e-12 -0.643741312753387 -19.8601274134617 19.2163861007083 297.329232175757 112826788.058329 3.80362208863609e-18
7.90999999999994e-12 -0.648400256795545 -20.0369007837778 19.3885005269823 299.992305760052 113837386.057836 3.93559895130361e-18
8.00999999999993e-12 -0.64912106382417 -20.1958767837239 19.5467557198998 302.440939689001 114766601.811739 4.06990835770322e-18
8.10999999999993e-12 -0.644072878180716 -20.9484233168842 20.3043504387035 314.162969776334 119214936.170523 4.20597066764696e-18
8.20999999999992e-12 -0.649421565859442 -20.5092114383371 19.8597898724777 307.284420858822 116604633.866644 4.34388648617763e-18
8.30999999999991e-12 -0.65081211208985 -20.1029464420845 19.4521343299947 300.976892023616 114211023.267283 4.48445390202922e-18
8.40999999999991e-12 -0.657044569124497 -21.2218667736563 20.5648222045318 318.193169301433 120744334.460883 4.62845619018922e-18
8.5099999999999e-12 -0.643092792123918 -20.2094570023738 19.5663642102499 302.744335829637 114881734.616339 4.77602100882937e-18
8.60999999999989e-12 -0.642374987138135 -20.0088201469202 19.3664451597821 299.651049846447 113707882.627127 4.92758901614739e-18
8.70999999999989e-12 -0.646387074523036 -20.6820419558597 20.0356548813367 310.005526053971 117637254.48787 5.08331308940151e-18
8.80999999999988e-12 -0.651854739233731 -20.4581725865613 19.8063178473276 306.457064658887 116290672.474326 5.24331697739426e-18
8.90999999999988e-12 -0.642580732941253 -19.7809385067584 19.1383577738172 296.121923871224 112368642.544398 5.40790555283405e-18
9.00999999999987e-12 -0.645679720138674 -19.6243002302969 18.9786205101582 293.650358317499 111430721.725308 5.57658908606826e-18
9.10999999999986e-12 -0.64948448125711 -19.9843344687099 19.3348499874527 299.162187462026 113522377.973847 5.74824955426516e-18
9.20999999999986e-12 -0.644063145486926 -19.577538163317 18.9334750178301 292.951835999111 111165635.618225 5.92207722594908e-18
9.30999999999985e-12 -0.646775083973669 -19.9075537579079 19.2607786739342 298.016104808436 113087454.194149 6.09851606044967e-18
9.40999999999984e-12 -0.647419254492103 -20.6080775781364 19.9606583236443 308.845127381835 117196903.471757 6.27817734465466e-18
9.50999999999984e-12 -0.649658193082766 -20.0766009219774 19.4269427288946 300.587110127421 114063110.905447 6.46044067824426e-18
9.60999999999983e-12 -0.64953598135714 -20.2302913972991 19.580755415942 302.967006529325 114966243.359647 6.64587786957671e-18
9.70999999999982e-12 -0.644706321558892 -19.7998551020017 19.1551487804428 296.381725952703 112467229.09316 6.83552746850019e-18
9.80999999999982e-12 -0.645298617556235 -20.0608276480904 19.4155290305342 300.410509482949 113996094.586282 7.02866853499286e-18
9.90999999999981e-12 -0.650270691868981 -20.2710076259852 19.6207369341163 303.585628263801 115201003.616661 7.22534077481415e-18
